"","Date","Total.Cases","Active.Cases","Deaths","Inactive.Cases","Recoveries","New.Cases","New.Active.Cases","New.Inactive.Cases","New.Deaths","New.Recoveries","Infection.Factor","Mortality.Rate"
"1",2020-01-22,571,554,17,17,0,0,0,0,0,0,0,1
"2",2020-01-23,830,771,25,59,34,259,217,42,8,34,0.335927367055772,0.423728813559322
"3",2020-01-24,1287,1208,41,79,38,457,437,20,16,4,0.378311258278146,0.518987341772152
"4",2020-01-25,1975,1870,56,105,49,688,662,26,15,11,0.367914438502674,0.533333333333333
"5",2020-01-26,2744,2613,80,131,51,769,743,26,24,2,0.294297742058936,0.610687022900763
"6",2020-01-27,4515,4349,106,166,60,1771,1736,35,26,9,0.407220050586342,0.63855421686747
"7",2020-01-28,5974,5739,132,235,103,1459,1390,69,26,43,0.254225474821397,0.561702127659575
"8",2020-01-29,7711,7417,170,294,124,1737,1678,59,38,21,0.234191721720372,0.578231292517007
"9",2020-01-30,9692,9308,213,384,171,1981,1891,90,43,47,0.212827675118178,0.5546875
"10",2020-01-31,11791,11289,259,502,243,2099,1981,118,46,72,0.185933209318806,0.51593625498008
"11",2020-02-01,14380,13748,304,632,328,2589,2459,130,45,85,0.188318300843759,0.481012658227848
"12",2020-02-02,17205,16369,361,836,475,2825,2621,204,57,147,0.172582320239477,0.431818181818182
"13",2020-02-03,20440,19383,425,1057,632,3235,3014,221,64,157,0.16689882887066,0.402081362346263
"14",2020-02-04,24324,22942,490,1382,892,3884,3559,325,65,260,0.169296486792782,0.354558610709117
"15",2020-02-05,28018,26302,563,1716,1153,3694,3360,334,73,261,0.140445593490989,0.328088578088578
"16",2020-02-06,31161,28985,636,2176,1540,3143,2683,460,73,387,0.108435397619458,0.292279411764706
"17",2020-02-07,34546,31774,722,2772,2050,3385,2789,596,86,510,0.10653364385976,0.26046176046176
"18",2020-02-08,37198,33738,811,3460,2649,2652,1964,688,89,599,0.0786057264805264,0.234393063583815
"19",2020-02-09,40171,35982,908,4189,3281,2973,2244,729,97,632,0.0826246456561614,0.216758176175698
"20",2020-02-10,42638,37626,1016,5012,3996,2467,1644,823,108,715,0.0655663636846861,0.202713487629689
"21",2020-02-11,44653,38791,1113,5862,4749,2015,1165,850,97,753,0.0519450387976593,0.189866939611054
"22",2020-02-12,58761,51591,1259,7170,5911,14108,12800,1308,146,1162,0.27345854897172,0.175592747559275
"23",2020-02-13,63851,55748,1380,8103,6723,5090,4157,933,121,812,0.091303723900409,0.170307293594965
"24",2020-02-14,66492,56873,1523,9619,8096,2641,1125,1516,143,1373,0.0464367977775043,0.158332466992411
"25",2020-02-15,68500,57416,1665,11084,9419,2008,543,1465,142,1323,0.0349728298732061,0.150216528329123
"26",2020-02-16,70548,57934,1770,12614,10844,2048,518,1530,105,1425,0.0353505713398005,0.140320279055018
"27",2020-02-17,72436,58016,1868,14420,12552,1888,82,1806,98,1708,0.0325427468284611,0.129542302357836
"28",2020-02-18,74185,57805,2004,16380,14376,1749,-211,1960,136,1824,0.0302568981921979,0.122344322344322
"29",2020-02-19,74576,56301,2118,18275,16157,391,-1504,1895,114,1781,0.00694481447931653,0.115896032831737
"30",2020-02-20,75465,54921,2236,20544,18308,889,-1380,2269,118,2151,0.0161868866189618,0.108839563862928
"31",2020-02-21,76288,53284,2345,23004,20659,823,-1637,2460,109,2351,0.0154455371218377,0.101938793253347
"32",2020-02-22,76936,52093,2442,24843,22401,648,-1191,1839,97,1742,0.0124392912675407,0.0982973070885159
"33",2020-02-23,77150,49824,2592,27326,24734,214,-2269,2483,150,2333,0.00429511881824021,0.0948547171192271
"34",2020-02-24,77658,47765,2663,29893,27230,508,-2059,2567,71,2496,0.010635402491364,0.0890844010303416
"35",2020-02-25,78064,45600,2715,32464,29749,406,-2165,2571,52,2519,0.00890350877192982,0.0836310990635781
"36",2020-02-26,78497,43258,2744,35239,32495,433,-2342,2775,29,2746,0.01000970918674,0.0778682709497999
"37",2020-02-27,78824,39919,2788,38905,36117,327,-3339,3666,44,3622,0.0081915879656304,0.0716617401362293
"38",2020-02-28,79251,37414,2835,41837,39002,427,-2505,2932,47,2885,0.0114128401133266,0.0677629849176566
"39",2020-02-29,79824,35129,2870,44695,41825,573,-2285,2858,35,2823,0.0163113097440861,0.0642129992169146
"40",2020-03-01,80026,32616,2912,47410,44498,202,-2513,2715,42,2673,0.00619327937208732,0.0614216410040076
"41",2020-03-02,80151,30004,2943,50147,47204,125,-2612,2737,31,2706,0.00416611118517531,0.0586874588709195
"42",2020-03-03,80270,27423,2981,52847,49866,119,-2581,2700,38,2662,0.00433942311198629,0.0564081215584612
"43",2020-03-04,80409,25353,3012,55056,52044,139,-2070,2209,31,2178,0.00548258588727172,0.0547079337401918
"44",2020-03-05,80552,23784,3042,56768,53726,143,-1569,1712,30,1682,0.00601244534140599,0.053586527621195
"45",2020-03-06,80651,22179,3070,58472,55402,99,-1605,1704,28,1676,0.00446368186122007,0.052503762484608
"46",2020-03-07,80695,20533,3097,60162,57065,44,-1646,1690,27,1663,0.0021428919300638,0.0514776769389316
"47",2020-03-08,80735,19016,3119,61719,58600,40,-1517,1557,22,1535,0.00210349179638199,0.0505354915018066
"48",2020-03-09,80754,17721,3136,63033,59897,19,-1295,1314,17,1297,0.0010721742565318,0.0497517173544017
"49",2020-03-10,80778,16136,3158,64642,61484,24,-1585,1609,22,1587,0.0014873574615766,0.048853686457721
"50",2020-03-11,80793,14831,3169,65962,62793,15,-1305,1320,11,1309,0.00101139505090688,0.0480428125284255
"51",2020-03-12,80813,13524,3176,67289,64113,20,-1307,1327,7,1320,0.00147885241052943,0.0471993936601822
"52",2020-03-13,80824,12088,3189,68736,65547,11,-1436,1447,13,1434,0.000909993381866314,0.0463949022346369
"53",2020-03-14,80844,10733,3199,70111,66912,20,-1355,1375,10,1365,0.00186341190720209,0.0456276475873971
"54",2020-03-15,80860,9893,3213,70967,67754,16,-840,856,14,842,0.00161730516526837,0.0452745642340806
"55",2020-03-16,80881,8967,3226,71914,68688,21,-926,947,13,934,0.00234192037470726,0.0448591373028896
"56",2020-03-17,80894,8056,3237,72838,69601,13,-911,924,11,913,0.0016137040714995,0.0444410884428458
"57",2020-03-18,80928,7263,3245,73665,70420,34,-793,827,8,819,0.0046812611868374,0.0440507703794204
"58",2020-03-19,80967,6569,3248,74398,71150,39,-694,733,3,730,0.00593697670878368,0.0436570875561171
"59",2020-03-20,81008,6013,3255,74995,71740,41,-556,597,7,590,0.00681855978712789,0.0434028935262351
"60",2020-03-21,81054,5353,3261,75701,72440,46,-660,706,6,700,0.00859331216140482,0.0430773701800505
"61",2020-03-22,81093,5120,3270,75973,72703,39,-233,272,9,263,0.0076171875,0.0430416068866571
"62",2020-03-23,81171,4735,3277,76436,73159,78,-385,463,7,456,0.0164730728616684,0.0428724684703543
"63",2020-03-24,81218,4287,3281,76931,73650,47,-448,495,4,491,0.0109633776533707,0.0426486071934591
"64",2020-03-25,81285,3947,3287,77338,74051,67,-340,407,6,401,0.0169749176589815,0.0425017455843182
"65",2020-03-26,81340,3460,3292,77880,74588,55,-487,542,5,537,0.0158959537572254,0.0422701592193118
"66",2020-03-27,81394,3128,3295,78266,74971,54,-332,386,3,383,0.0172634271099744,0.0421000178877163
"67",2020-03-28,81439,2691,3300,78748,75448,45,-437,482,5,477,0.0167224080267559,0.0419058261797125
"68",2020-03-29,81439,2691,3300,78748,75448,0,0,0,0,0,0,0.0419058261797125
"69",2020-03-30,81518,2161,3305,79357,76052,79,-530,609,5,604,0.036557149467839,0.0416472396890003
"70",2020-03-31,81544,2004,3312,79540,76228,26,-157,183,7,176,0.0129740518962076,0.0416394267035454
"71",2020-04-01,81589,1863,3318,79726,76408,45,-141,186,6,180,0.0241545893719807,0.041617540074756
"72",2020-04-02,81620,1727,3322,79893,76571,31,-136,167,4,163,0.0179502026635785,0.0415806140713204
