"","Date","Total.Cases","Active.Cases","Deaths","Inactive.Cases","Recoveries","New.Cases","New.Active.Cases","New.Inactive.Cases","New.Deaths","New.Recoveries","Infection.Factor","Mortality.Rate","Activity.Rate"
"1",2020-02-15,12,7,1,5,4,0,0,0,0,0,0,0.2,0.583333333333333
"2",2020-02-16,12,7,1,5,4,0,0,0,0,0,0,0.2,0.583333333333333
"3",2020-02-17,12,6,1,6,5,0,-1,1,0,1,0,0.166666666666667,0.5
"4",2020-02-18,12,4,1,8,7,0,-2,2,0,2,0,0.125,0.333333333333333
"5",2020-02-19,12,4,1,8,7,0,0,0,0,0,0,0.125,0.333333333333333
"6",2020-02-20,12,4,1,8,7,0,0,0,0,0,0,0.125,0.333333333333333
"7",2020-02-21,12,4,1,8,7,0,0,0,0,0,0,0.125,0.333333333333333
"8",2020-02-22,12,1,1,11,10,0,-3,3,0,3,0,0.0909090909090909,0.0833333333333333
"9",2020-02-23,12,1,1,11,10,0,0,0,0,0,0,0.0909090909090909,0.0833333333333333
"10",2020-02-24,12,0,1,12,11,0,-1,1,0,1,0,0.0833333333333333,0
"11",2020-02-25,14,2,1,12,11,2,2,0,0,0,1,0.0833333333333333,0.142857142857143
"12",2020-02-26,18,5,2,13,11,4,3,1,1,0,0.8,0.153846153846154,0.277777777777778
"13",2020-02-27,38,25,2,13,11,20,20,0,0,0,0.8,0.153846153846154,0.657894736842105
"14",2020-02-28,57,44,2,13,11,19,19,0,0,0,0.431818181818182,0.153846153846154,0.771929824561403
"15",2020-02-29,100,86,2,14,12,43,42,1,0,1,0.5,0.142857142857143,0.86
"16",2020-03-01,130,116,2,14,12,30,30,0,0,0,0.258620689655172,0.142857142857143,0.892307692307692
"17",2020-03-02,191,176,3,15,12,61,60,1,1,0,0.346590909090909,0.2,0.921465968586387
"18",2020-03-03,212,196,4,16,12,21,20,1,1,0,0.107142857142857,0.25,0.924528301886792
"19",2020-03-04,285,269,4,16,12,73,73,0,0,0,0.271375464684015,0.25,0.943859649122807
"20",2020-03-05,423,404,7,19,12,138,135,3,3,0,0.341584158415842,0.368421052631579,0.955082742316785
"21",2020-03-06,653,632,9,21,12,230,228,2,2,0,0.363924050632911,0.428571428571429,0.967840735068913
"22",2020-03-07,949,921,16,28,12,296,289,7,7,0,0.321389793702497,0.571428571428571,0.970495258166491
"23",2020-03-08,1209,1178,19,31,12,260,257,3,3,0,0.220713073005093,0.612903225806452,0.974358974358974
"24",2020-03-09,1412,1370,30,42,12,203,192,11,11,0,0.148175182481752,0.714285714285714,0.970254957507082
"25",2020-03-10,1784,1739,33,45,12,372,369,3,3,0,0.213916043703278,0.733333333333333,0.974775784753363
"26",2020-03-11,2281,2221,48,60,12,497,482,15,15,0,0.223773075191355,0.8,0.973695747479176
"27",2020-03-12,2876,2803,61,73,12,595,582,13,13,0,0.212272565108812,0.835616438356164,0.97461752433936
"28",2020-03-13,3661,3570,79,91,12,785,767,18,18,0,0.219887955182073,0.868131868131868,0.975143403441683
"29",2020-03-14,4499,4396,91,103,12,838,826,12,12,0,0.190627843494086,0.883495145631068,0.977106023560791
"30",2020-03-15,5423,5284,127,139,12,924,888,36,36,0,0.174867524602574,0.913669064748201,0.974368430757883
"31",2020-03-16,6633,6473,148,160,12,1210,1189,21,21,0,0.186930325969411,0.925,0.975878184833409
"32",2020-03-17,7730,6953,175,777,602,1097,480,617,27,590,0.157773622896591,0.225225225225225,0.899482535575679
"33",2020-03-18,9134,8268,264,866,602,1404,1315,89,89,0,0.169811320754717,0.304849884526559,0.905189402233414
"34",2020-03-19,10995,9328,372,1667,1295,1861,1060,801,108,693,0.199506861063465,0.223155368926215,0.848385629831742
"35",2020-03-20,12612,10575,450,2037,1587,1617,1247,370,78,292,0.15290780141844,0.220913107511046,0.83848715509039
"36",2020-03-21,14459,12310,562,2149,1587,1847,1735,112,112,0,0.15004061738424,0.26151698464402,0.851372847361505
"37",2020-03-22,16018,13144,674,2874,2200,1559,834,725,112,613,0.118609251369446,0.234516353514266,0.820576851042577
"38",2020-03-23,19856,16796,860,3060,2200,3838,3652,186,186,0,0.228506787330317,0.281045751633987,0.845890410958904
"39",2020-03-24,22304,17923,1100,4381,3281,2448,1127,1321,240,1081,0.136584277185739,0.251084227345355,0.803577833572453
"40",2020-03-25,25233,20002,1331,5231,3900,2929,2079,850,231,619,0.146435356464354,0.254444656853374,0.792692109539096
"41",2020-03-26,29155,22511,1696,6644,4948,3922,2509,1413,365,1048,0.174225933987828,0.25526791089705,0.772114560109758
"42",2020-03-27,32964,25269,1995,7695,5700,3809,2758,1051,299,752,0.150738058490641,0.259259259259259,0.766563523844194
"43",2020-03-28,37575,29561,2314,8014,5700,4611,4292,319,319,0,0.155982544568858,0.288744696780634,0.786719893546241
"44",2020-03-29,40174,30366,2606,9808,7202,2599,805,1794,292,1502,0.0855891457551209,0.265701468189233,0.755862000298701
"45",2020-03-30,44550,33599,3024,10951,7927,4376,3233,1143,418,725,0.130241971487247,0.276139165373025,0.754186307519641
"46",2020-03-31,52128,39161,3523,12967,9444,7578,5562,2016,499,1517,0.19350884808866,0.271689673787306,0.75124693063229
"47",2020-04-01,56989,42022,4032,14967,10935,4861,2861,2000,509,1491,0.115677502260721,0.269392663860493,0.737370369720472
"48",2020-04-02,59105,41290,5387,17815,12428,2116,-732,2848,1355,1493,0.0512472753693388,0.302385630087005,0.698587259961086
"49",2020-04-03,76460,55945,6507,20515,14008,17355,14655,2700,1120,1580,0.310215390115292,0.317182549354131,0.731689772430029
"50",2020-04-04,83019,60021,7560,22998,15438,6559,4076,2483,1053,1430,0.10927841921994,0.328724236890164,0.722979077078741
"51",2020-04-05,87719,63458,8078,24261,16183,4700,3437,1263,518,745,0.0740647357307195,0.332962367585837,0.723423659640443
"52",2020-04-06,90452,64291,8911,26161,17250,2733,833,1900,833,1067,0.0425098380799801,0.340621535874011,0.710774775571574
"53",2020-04-07,99180,69515,10328,29665,19337,8728,5224,3504,1417,2087,0.125555635474358,0.348154390696107,0.700897358338375
"54",2020-04-08,103061,70938,10869,32123,21254,3881,1423,2458,541,1917,0.0547097465392314,0.338355695296205,0.688310806221558
"55",2020-04-09,107696,72280,12210,35416,23206,4635,1342,3293,1341,1952,0.06412562257886,0.344759430765756,0.671148417768534
"56",2020-04-10,113927,75798,13197,38129,24932,6231,3518,2713,987,1726,0.0822053352331196,0.346114506019041,0.665320775584365
"57",2020-04-11,118178,77955,13832,40223,26391,4251,2157,2094,635,1459,0.0545314604579565,0.343882853094001,0.659640542232903
"58",2020-04-12,120633,79054,14393,41579,27186,2455,1099,1356,561,795,0.0310547220886989,0.346160321316049,0.655326486119055
"59",2020-04-13,124298,81613,14967,42685,27718,3665,2559,1106,574,532,0.044907061375026,0.350638397563547,0.656591417400119
"60",2020-04-14,130253,85719,15729,44534,28805,5955,4106,1849,762,1087,0.0694711790851503,0.353190820496699,0.658096166690978
"61",2020-04-15,133644,85522,17167,48122,30955,3391,-197,3588,1438,2150,0.0396506162157106,0.356739121399776,0.639923977133279
"62",2020-04-16,140772,90040,17920,50732,32812,7128,4518,2610,753,1857,0.0791648156374944,0.353228731372704,0.639615832694002
"63",2020-04-17,143116,90015,18681,53101,34420,2344,-25,2369,761,1608,0.0260401044270399,0.351801284344928,0.628965314849493
"64",2020-04-18,146782,91476,19323,55306,35983,3666,1461,2205,642,1563,0.040076085530631,0.349383430369219,0.623209930372934
"65",2020-04-19,147844,91548,19718,56296,36578,1062,72,990,395,595,0.011600471883602,0.350255790819952,0.619220259192121
"66",2020-04-20,150278,92604,20265,57674,37409,2434,1056,1378,547,831,0.0262839618159043,0.351371501889933,0.616217942746111
"67",2020-04-21,153531,93554,20796,59977,39181,3253,950,2303,531,1772,0.0347713619941424,0.346732914283809,0.609349251942604
"68",2020-04-22,155944,93947,21340,61997,40657,2413,393,2020,544,1476,0.0256846945618274,0.344210203719535,0.602440619709639
"69",2020-04-23,158183,94239,21856,63944,42088,2239,292,1947,516,1431,0.0237587410732287,0.341799074189916,0.595759342027904
"70",2020-04-24,159828,94090,22245,65738,43493,1645,-149,1794,389,1405,0.0174832607078329,0.338388755362195,0.588695347498561
"71",2020-04-25,161488,94280,22614,67208,44594,1660,190,1470,369,1101,0.0176071277047094,0.336477800261874,0.583820469632419
"72",2020-04-26,162100,94341,22856,67759,44903,612,61,551,242,309,0.00648710528826279,0.337313124455792,0.581992597162245
"73",2020-04-27,165842,97036,23293,68806,45513,3742,2695,1047,437,610,0.0385630075435921,0.338531523413656,0.5851111298706
"74",2020-04-28,165911,95365,23660,70546,46886,69,-1671,1740,367,1373,0.000723535888428669,0.33538400476285,0.574796125633623
"75",2020-04-29,166420,94105,24087,72315,48228,509,-1260,1769,427,1342,0.00540885181446257,0.333084422319021,0.565466890998678
"76",2020-04-30,167178,93326,24376,73852,49476,758,-779,1537,289,1248,0.0081220667338148,0.330065536478362,0.558243309526373
"77",2020-05-01,167346,92540,24594,74806,50212,168,-786,954,218,736,0.00181543116490166,0.328770419485068,0.552986028946016
"78",2020-05-02,168396,93074,24760,75322,50562,1050,534,516,166,350,0.011281346025743,0.328722020126922,0.552709090477209
