"","Date","Total.Cases","Active.Cases","Deaths","Inactive.Cases","Recoveries","New.Cases","New.Active.Cases","New.Inactive.Cases","New.Deaths","New.Recoveries","Infection.Factor","Mortality.Rate","Activity.Rate"
"1",2020-02-15,28,19,0,9,9,0,0,0,0,0,0,0,0.678571428571429
"2",2020-02-16,29,20,0,9,9,1,1,0,0,0,0.05,0,0.689655172413793
"3",2020-02-17,30,20,0,10,10,1,0,1,0,1,0.05,0,0.666666666666667
"4",2020-02-18,31,19,0,12,12,1,-1,2,0,2,0.0526315789473684,0,0.612903225806452
"5",2020-02-19,58,42,0,16,16,27,23,4,0,4,0.642857142857143,0,0.724137931034483
"6",2020-02-20,111,94,1,17,16,53,52,1,1,0,0.563829787234043,0.0588235294117647,0.846846846846847
"7",2020-02-21,209,190,2,19,17,98,96,2,1,1,0.515789473684211,0.105263157894737,0.909090909090909
"8",2020-02-22,436,416,2,20,18,227,226,1,0,1,0.545673076923077,0.1,0.954128440366973
"9",2020-02-23,602,578,6,24,18,166,162,4,4,0,0.28719723183391,0.25,0.960132890365448
"10",2020-02-24,833,803,8,30,22,231,225,6,2,4,0.287671232876712,0.266666666666667,0.963985594237695
"11",2020-02-25,977,944,11,33,22,144,141,3,3,0,0.152542372881356,0.333333333333333,0.966223132036848
"12",2020-02-26,1261,1225,12,36,24,284,281,3,1,2,0.231836734693878,0.333333333333333,0.971451229183188
"13",2020-02-27,1766,1729,13,37,24,505,504,1,1,0,0.292076344707924,0.351351351351351,0.979048697621744
"14",2020-02-28,2337,2297,16,40,24,571,568,3,3,0,0.248585111014367,0.4,0.982884039366709
"15",2020-02-29,3150,3109,17,41,24,813,812,1,1,0,0.261498874236089,0.414634146341463,0.986984126984127
"16",2020-03-01,3736,3685,21,51,30,586,576,10,4,6,0.159023066485753,0.411764705882353,0.98634903640257
"17",2020-03-02,4335,4277,28,58,30,599,592,7,7,0,0.140051437923778,0.482758620689655,0.986620530565167
"18",2020-03-03,5186,5120,32,66,34,851,843,8,4,4,0.1662109375,0.484848484848485,0.987273428461242
"19",2020-03-04,5621,5498,35,123,88,435,378,57,3,54,0.079119679883594,0.284552845528455,0.978117772638321
"20",2020-03-05,6284,6107,42,177,135,663,609,54,7,47,0.108563943016211,0.23728813559322,0.971833227243794
"21",2020-03-06,6593,6415,43,178,135,309,308,1,1,0,0.0481683554169914,0.241573033707865,0.97300166843622
"22",2020-03-07,7041,6875,48,166,118,448,460,-12,5,-17,0.0651636363636364,0.289156626506024,0.976423803437012
"23",2020-03-08,7313,7097,50,216,166,272,222,50,2,48,0.0383260532619417,0.231481481481481,0.970463558047313
"24",2020-03-09,7478,7178,53,300,247,165,81,84,3,81,0.0229869044302034,0.176666666666667,0.959882321476331
"25",2020-03-10,7513,7165,60,348,288,35,-13,48,7,41,0.00488485694347523,0.172413793103448,0.953680287501664
"26",2020-03-11,7755,7362,60,393,333,242,197,45,0,45,0.0328715023091551,0.152671755725191,0.949323017408124
"27",2020-03-12,7869,7293,66,576,510,114,-69,183,6,177,0.0156314273961333,0.114583333333333,0.926801372474266
"28",2020-03-13,7979,7198,67,781,714,110,-95,205,1,204,0.0152820227841067,0.0857874519846351,0.902118059907257
"29",2020-03-14,8086,7180,72,906,834,107,-18,125,5,120,0.0149025069637883,0.0794701986754967,0.887954489240663
"30",2020-03-15,8162,7253,75,909,834,76,73,3,3,0,0.0104784227216324,0.0825082508250825,0.888630237686841
"31",2020-03-16,8236,7024,75,1212,1137,74,-229,303,0,303,0.0105353075170843,0.0618811881188119,0.852841185041282
"32",2020-03-17,8320,6838,81,1482,1401,84,-186,270,6,264,0.0122842936531149,0.0546558704453441,0.821875
"33",2020-03-18,8413,6789,84,1624,1540,93,-49,142,3,139,0.0136986301369863,0.0517241379310345,0.806965410673957
"34",2020-03-19,8565,6527,91,2038,1947,152,-262,414,7,407,0.0232878811092385,0.0446516192345437,0.7620548744892
"35",2020-03-20,8652,6325,94,2327,2233,87,-202,289,3,286,0.0137549407114624,0.040395358831113,0.731044845122515
"36",2020-03-21,8799,6085,102,2714,2612,147,-240,387,8,379,0.0241577649958915,0.0375829034635225,0.691555858620298
"37",2020-03-22,8897,5884,104,3013,2909,98,-201,299,2,297,0.0166553365057784,0.0345170925987388,0.661346521299314
"38",2020-03-23,8961,5684,111,3277,3166,64,-200,264,7,257,0.0112596762843068,0.033872444308819,0.634304207119741
"39",2020-03-24,9037,5410,120,3627,3507,76,-274,350,9,341,0.0140480591497227,0.033085194375517,0.59864999446719
"40",2020-03-25,9137,5281,126,3856,3730,100,-129,229,6,223,0.0189358076121947,0.0326763485477178,0.577979643208931
"41",2020-03-26,9241,4966,131,4275,4144,104,-315,419,5,414,0.0209424083769634,0.0306432748538012,0.537387728600801
"42",2020-03-27,9332,4665,139,4667,4528,91,-301,392,8,384,0.0195069667738478,0.029783586886651,0.499892841834548
"43",2020-03-28,9478,4523,144,4955,4811,146,-142,288,5,283,0.0322794605350431,0.0290615539858729,0.477210381937118
"44",2020-03-29,9583,4398,152,5185,5033,105,-125,230,8,222,0.0238744884038199,0.0293153326904532,0.458937702180945
"45",2020-03-30,9661,4275,158,5386,5228,78,-123,201,6,195,0.0182456140350877,0.0293353137764575,0.442500776317151
"46",2020-03-31,9786,4216,162,5570,5408,125,-59,184,4,180,0.0296489563567362,0.0290843806104129,0.430819538115675
"47",2020-04-01,9887,4155,165,5732,5567,101,-61,162,3,159,0.0243080625752106,0.0287857641311933,0.420248811570749
"48",2020-04-02,9976,3979,169,5997,5828,89,-176,265,4,261,0.0223674290022619,0.0281807570451893,0.398857257417803
"49",2020-04-03,10062,3867,174,6195,6021,86,-112,198,5,193,0.0222394621153349,0.0280871670702179,0.384317233154442
"50",2020-04-04,10156,3654,177,6502,6325,94,-213,307,3,304,0.0257252326217843,0.0272223931098124,0.35978731784167
"51",2020-04-05,10237,3591,183,6646,6463,81,-63,144,6,138,0.0225563909774436,0.0275353596148059,0.350786363192342
"52",2020-04-06,10284,3500,186,6784,6598,47,-91,138,3,135,0.0134285714285714,0.0274174528301887,0.340334500194477
"53",2020-04-07,10331,3445,192,6886,6694,47,-55,102,6,96,0.0136429608127721,0.0278826604705199,0.333462394734295
"54",2020-04-08,10384,3408,200,6976,6776,53,-37,90,8,82,0.0155516431924883,0.0286697247706422,0.328197226502311
"55",2020-04-09,10423,3246,204,7177,6973,39,-162,201,4,197,0.0120147874306839,0.0284241326459523,0.311426652595222
"56",2020-04-10,10450,3125,208,7325,7117,27,-121,148,4,144,0.00864,0.0283959044368601,0.299043062200957
"57",2020-04-11,10480,3026,211,7454,7243,30,-99,129,3,126,0.00991407799074686,0.0283069492889724,0.288740458015267
"58",2020-04-12,10512,2930,214,7582,7368,32,-96,128,3,125,0.0109215017064846,0.028224742811923,0.278729071537291
"59",2020-04-13,10537,2873,217,7664,7447,25,-57,82,3,79,0.00870170553428472,0.0283141962421712,0.272658251874348
"60",2020-04-14,10564,2808,222,7756,7534,27,-65,92,5,87,0.00961538461538462,0.0286230015471893,0.265808405906853
"61",2020-04-15,10591,2750,225,7841,7616,27,-58,85,3,82,0.00981818181818182,0.0286953194745568,0.25965442356718
"62",2020-04-16,10613,2627,229,7986,7757,22,-123,145,4,141,0.00837457175485344,0.0286751815677436,0.247526618298313
"63",2020-04-17,10635,2567,230,8068,7838,22,-60,82,1,81,0.00857031554343592,0.0285076846802181,0.241372825575929
"64",2020-04-18,10653,2484,232,8169,7937,18,-83,101,2,99,0.0072463768115942,0.0284000489656017,0.233173753872149
"65",2020-04-19,10661,2385,234,8276,8042,8,-99,107,2,105,0.00335429769392034,0.028274528757854,0.223712597317325
"66",2020-04-20,10674,2324,236,8350,8114,13,-61,74,2,72,0.00559380378657487,0.0282634730538922,0.21772531384673
"67",2020-04-21,10683,2233,237,8450,8213,9,-91,100,1,99,0.00403045230631438,0.0280473372781065,0.209023682486193
"68",2020-04-22,10694,2179,238,8515,8277,11,-54,65,1,64,0.00504818724185406,0.0279506752789196,0.203759117262016
"69",2020-04-23,10702,2051,240,8651,8411,8,-128,136,2,134,0.00390053632374451,0.0277424575193619,0.191646421229677
"70",2020-04-24,10708,1967,240,8741,8501,6,-84,90,0,90,0.00305033045246568,0.0274568127216566,0.183694434067987
"71",2020-04-25,10718,1843,240,8875,8635,10,-124,134,0,134,0.00542593597395551,0.0270422535211268,0.171953722709461
"72",2020-04-26,10728,1769,242,8959,8717,10,-74,84,2,82,0.00565291124929339,0.027011943297243,0.164895600298285
"73",2020-04-27,10738,1731,243,9007,8764,10,-38,48,1,47,0.00577700751010976,0.0269790163206395,0.161203203576085
"74",2020-04-28,10752,1654,244,9098,8854,14,-77,91,1,90,0.00846432889963724,0.026819081116729,0.153831845238095
"75",2020-04-29,10761,1593,246,9168,8922,9,-61,70,2,68,0.00564971751412429,0.0268324607329843,0.148034569277948
"76",2020-04-30,10765,1459,247,9306,9059,4,-134,138,1,137,0.00274160383824537,0.026542015903718,0.135531816070599
"77",2020-05-01,10774,1454,248,9320,9072,9,-5,14,1,13,0.0061898211829436,0.0266094420600858,0.13495452014108
"78",2020-05-02,10780,1407,250,9373,9123,6,-47,53,2,51,0.00426439232409382,0.0266723567694441,0.130519480519481
"79",2020-05-03,10793,1360,250,9433,9183,13,-47,60,0,60,0.00955882352941177,0.0265027032757341,0.126007597516909
