"","Date","Total.Cases","Active.Cases","Deaths","Inactive.Cases","Recoveries","New.Cases","New.Active.Cases","New.Inactive.Cases","New.Deaths","New.Recoveries","Infection.Factor","Mortality.Rate","Activity.Rate"
"1",2020-02-15,1,1,0,0,0,0,0,0,0,0,0,0,1
"2",2020-02-16,1,1,0,0,0,0,0,0,0,0,0,0,1
"3",2020-02-17,1,1,0,0,0,0,0,0,0,0,0,0,1
"4",2020-02-18,1,1,0,0,0,0,0,0,0,0,0,0,1
"5",2020-02-19,1,1,0,0,0,0,0,0,0,0,0,0,1
"6",2020-02-20,1,1,0,0,0,0,0,0,0,0,0,0,1
"7",2020-02-21,1,1,0,0,0,0,0,0,0,0,0,0,1
"8",2020-02-22,1,1,0,0,0,0,0,0,0,0,0,0,1
"9",2020-02-23,1,1,0,0,0,0,0,0,0,0,0,0,1
"10",2020-02-24,1,1,0,0,0,0,0,0,0,0,0,0,1
"11",2020-02-25,1,1,0,0,0,0,0,0,0,0,0,0,1
"12",2020-02-26,2,2,0,0,0,1,1,0,0,0,0.5,0,1
"13",2020-02-27,7,7,0,0,0,5,5,0,0,0,0.714285714285714,0,1
"14",2020-02-28,11,11,0,0,0,4,4,0,0,0,0.363636363636364,0,1
"15",2020-02-29,13,13,0,0,0,2,2,0,0,0,0.153846153846154,0,1
"16",2020-03-01,14,14,0,0,0,1,1,0,0,0,0.0714285714285714,0,1
"17",2020-03-02,15,15,0,0,0,1,1,0,0,0,0.0666666666666667,0,1
"18",2020-03-03,30,29,0,1,1,15,14,1,0,1,0.517241379310345,0,0.966666666666667
"19",2020-03-04,52,51,0,1,1,22,22,0,0,0,0.431372549019608,0,0.980769230769231
"20",2020-03-05,94,93,0,1,1,42,42,0,0,0,0.451612903225806,0,0.98936170212766
"21",2020-03-06,137,136,0,1,1,43,43,0,0,0,0.316176470588235,0,0.992700729927007
"22",2020-03-07,161,160,0,1,1,24,24,0,0,0,0.15,0,0.993788819875776
"23",2020-03-08,203,202,0,1,1,42,42,0,0,0,0.207920792079208,0,0.995073891625616
"24",2020-03-09,260,259,0,1,1,57,57,0,0,0,0.22007722007722,0,0.996153846153846
"25",2020-03-10,355,354,0,1,1,95,95,0,0,0,0.268361581920904,0,0.997183098591549
"26",2020-03-11,500,498,1,2,1,145,144,1,1,0,0.291164658634538,0.5,0.996
"27",2020-03-12,687,685,1,2,1,187,187,0,0,0,0.272992700729927,0.5,0.997088791848617
"28",2020-03-13,814,812,1,2,1,127,127,0,0,0,0.1564039408867,0.5,0.997542997542998
"29",2020-03-14,961,958,2,3,1,147,146,1,1,0,0.153444676409186,0.666666666666667,0.99687825182102
"30",2020-03-15,1040,1036,3,4,1,79,78,1,1,0,0.0762548262548263,0.75,0.996153846153846
"31",2020-03-16,1121,1113,7,8,1,81,77,4,4,0,0.0727762803234501,0.875,0.992863514719001
"32",2020-03-17,1196,1187,8,9,1,75,74,1,1,0,0.06318449873631,0.888888888888889,0.99247491638796
"33",2020-03-18,1301,1276,10,25,15,105,89,16,2,14,0.0822884012539185,0.4,0.980784012298232
"34",2020-03-19,1439,1412,11,27,16,138,136,2,1,1,0.0977337110481586,0.407407407407407,0.981236970118138
"35",2020-03-20,1639,1607,16,32,16,200,195,5,5,0,0.124455507156192,0.5,0.980475899938987
"36",2020-03-21,1770,1734,20,36,16,131,127,4,4,0,0.0755478662053057,0.555555555555556,0.979661016949153
"37",2020-03-22,1934,1897,21,37,16,164,163,1,1,0,0.0864522930943595,0.567567567567568,0.980868665977249
"38",2020-03-23,2046,2003,27,43,16,112,106,6,6,0,0.0559161258112831,0.627906976744186,0.978983382209189
"39",2020-03-24,2299,2243,40,56,16,253,240,13,13,0,0.112795363352653,0.714285714285714,0.975641583297086
"40",2020-03-25,2526,2448,62,78,16,227,205,22,22,0,0.0927287581699346,0.794871794871795,0.969121140142518
"41",2020-03-26,2840,2747,77,93,16,314,299,15,15,0,0.11430651619949,0.827956989247312,0.967253521126761
"42",2020-03-27,3069,2948,105,121,16,229,201,28,28,0,0.0776797829036635,0.867768595041322,0.960573476702509
"43",2020-03-28,3447,3326,105,121,16,378,378,0,0,0,0.113650030066146,0.867768595041322,0.964897011894401
"44",2020-03-29,3700,3574,110,126,16,253,248,5,5,0,0.0707890318970341,0.873015873015873,0.965945945945946
"45",2020-03-30,4028,3866,146,162,16,328,292,36,36,0,0.0848422141748577,0.901234567901235,0.959781529294935
"46",2020-03-31,4435,4239,180,196,16,407,373,34,34,0,0.0960132106628922,0.918367346938776,0.955806087936866
"47",2020-04-01,4947,4605,239,342,103,512,366,146,59,87,0.111183496199783,0.698830409356725,0.93086719223772
"48",2020-04-02,5568,5157,308,411,103,621,552,69,69,0,0.120418848167539,0.749391727493917,0.926185344827586
"49",2020-04-03,6131,5568,358,563,205,563,411,152,50,102,0.101113505747126,0.635879218472469,0.9081715870168
"50",2020-04-04,6443,5865,373,578,205,312,297,15,15,0,0.0531969309462916,0.645328719723183,0.910290237467018
"51",2020-04-05,6830,6224,401,606,205,387,359,28,28,0,0.0621786632390745,0.661716171617162,0.911273792093704
"52",2020-04-06,7206,6524,477,682,205,376,300,76,76,0,0.0576333537706928,0.69941348973607,0.905356647238412
"53",2020-04-07,7693,6897,591,796,205,487,373,114,114,0,0.070610410323329,0.742462311557789,0.896529312361887
"54",2020-04-08,8419,7527,687,892,205,726,630,96,96,0,0.0964527700278996,0.770179372197309,0.894049174486281
"55",2020-04-09,9141,8143,793,998,205,722,616,106,106,0,0.0886651111384011,0.794589178356713,0.890821573132042
"56",2020-04-10,9685,8434,870,1251,381,544,291,253,77,176,0.0645008299739151,0.695443645083933,0.870831182240578
"57",2020-04-11,10151,8883,887,1268,381,466,449,17,17,0,0.0524597545874142,0.699526813880126,0.875086198404098
"58",2020-04-12,10483,9203,899,1280,381,332,320,12,12,0,0.0360751928718896,0.70234375,0.877897548411714
"59",2020-04-13,10948,9648,919,1300,381,465,445,20,20,0,0.0481965174129353,0.706923076923077,0.881256850566314
"60",2020-04-14,11445,10031,1033,1414,381,497,383,114,114,0,0.049546406140963,0.730551626591231,0.876452599388379
"61",2020-04-15,11927,10343,1203,1584,381,482,312,170,170,0,0.0466015662767089,0.759469696969697,0.867192085184875
"62",2020-04-16,12540,10657,1333,1883,550,613,314,299,130,169,0.0575208782959557,0.707912904938927,0.849840510366826
"63",2020-04-17,13216,11266,1400,1950,550,676,609,67,67,0,0.0600035505059471,0.717948717948718,0.852451573849879
"64",2020-04-18,13822,11761,1511,2061,550,606,495,111,111,0,0.0515262307626903,0.733139252789908,0.850889885689481
"65",2020-04-19,14385,12295,1540,2090,550,563,534,29,29,0,0.0457909719398129,0.736842105263158,0.854709767118526
"66",2020-04-20,14777,12647,1580,2130,550,392,352,40,40,0,0.030995493002293,0.741784037558685,0.855857075184408
"67",2020-04-21,15322,13007,1765,2315,550,545,360,185,185,0,0.0419005151072499,0.762419006479482,0.848910063960319
"68",2020-04-22,16004,13517,1937,2487,550,682,510,172,172,0,0.0504549826144855,0.778850020104544,0.844601349662584
"69",2020-04-23,16755,14184,2021,2571,550,751,667,84,84,0,0.0529469825155104,0.786075457020615,0.846553267681289
"70",2020-04-24,17567,14865,2152,2702,550,812,681,131,131,0,0.0546249579549277,0.796447076239822,0.846188876871407
"71",2020-04-25,18177,14980,2192,3197,1005,610,115,495,40,455,0.0407209612817089,0.685642790115733,0.824118391373714
"72",2020-04-26,18640,15441,2194,3199,1005,463,461,2,2,0,0.0299851045916715,0.685839324788997,0.82837982832618
"73",2020-04-27,18926,15647,2274,3279,1005,286,206,80,80,0,0.0182782642040008,0.693504117108875,0.826746274965656
"74",2020-04-28,19621,16261,2355,3360,1005,695,614,81,81,0,0.042740298874608,0.700892857142857,0.828754905458437
"75",2020-04-29,20302,16835,2462,3467,1005,681,574,107,107,0,0.0404514404514405,0.71012402653591,0.829228647423899
"76",2020-04-30,21092,17501,2586,3591,1005,790,666,124,124,0,0.0451402776984172,0.720133667502089,0.829745875213351
"77",2020-05-01,21520,17862,2653,3658,1005,428,361,67,67,0,0.0239614824767663,0.725259704756698,0.830018587360595
"78",2020-05-02,22082,18408,2669,3674,1005,562,546,16,16,0,0.0305302042590178,0.726456178551987,0.83362014310298
"79",2020-05-03,22317,18633,2679,3684,1005,235,225,10,10,0,0.0126120324156067,0.727198697068404,0.834924048931308
"80",2020-05-04,22761,15878,2769,6883,4114,444,-2755,3199,90,3109,0.0279632195490616,0.402295510678483,0.697596766398664
"81",2020-05-05,23216,16288,2854,6928,4074,455,410,45,85,-40,0.0279346758349705,0.411951501154734,0.70158511371468
"82",2020-05-06,23918,16903,2941,7015,4074,702,615,87,87,0,0.0415310891557712,0.419244476122594,0.706706246341667
"83",2020-05-07,24623,16612,3040,8011,4971,705,-291,996,99,897,0.0424392005778955,0.379478217451005,0.674653778987126
"84",2020-05-08,25265,17119,3175,8146,4971,642,507,135,135,0,0.0375021905485134,0.389761846304935,0.677577676627746
"85",2020-05-09,25921,17730,3220,8191,4971,656,611,45,45,0,0.0369994359842076,0.393114393846905,0.684001388835307
"86",2020-05-10,26322,18126,3225,8196,4971,401,396,5,5,0,0.0221229173562838,0.393484626647145,0.688625484385685
"87",2020-05-11,26670,18443,3256,8227,4971,348,317,31,31,0,0.018868947568183,0.395770025525708,0.691526059242595
